-8.770000000000000018e-01 -2.000000000000000042e-03 -1.719999999999999862e-01
-9.220000000000000417e-01 6.000000000000000125e-03 -2.060000000000000164e-01
-8.609999999999999876e-01 5.000000000000000104e-03 -2.029999999999999860e-01
-8.930000000000000160e-01 1.200000000000000025e-02 -1.940000000000000058e-01
-8.400000000000000799e-01 -1.400000000000000203e-02 -1.749999999999999889e-01
-8.640000000000001013e-01 3.000000000000000062e-03 -1.779999999999999916e-01
-8.869999999999998996e-01 -5.000000000000000104e-03 -2.459999999999999964e-01
-8.519999999999999796e-01 -7.000000000000001013e-03 -2.000000000000000111e-01
-8.779999999999998916e-01 -1.300000000000000114e-02 -1.759999999999999898e-01
-8.529999999999999805e-01 2.000000000000000042e-02 -2.060000000000000164e-01
-8.750000000000000000e-01 -2.899999999999999800e-02 -2.040000000000000147e-01
-8.519999999999999796e-01 1.499999999999999944e-02 -1.779999999999999916e-01
-9.000000000000000222e-01 8.000000000000000167e-03 -1.869999999999999996e-01
-9.189999999999999281e-01 1.400000000000000203e-02 -2.230000000000000038e-01
-8.949999999999999067e-01 0.000000000000000000e+00 -1.910000000000000031e-01
-8.830000000000000071e-01 -2.099999999999999784e-02 -1.869999999999999996e-01
-9.070000000000000284e-01 -2.099999999999999784e-02 -1.950000000000000067e-01
-8.850000000000000089e-01 -7.000000000000001013e-03 -1.749999999999999889e-01
-8.810000000000000053e-01 2.299999999999999961e-02 -2.049999999999999878e-01
-8.630000000000001004e-01 8.000000000000000167e-03 -2.109999999999999931e-01
-8.859999999999998987e-01 -3.000000000000000062e-03 -1.829999999999999960e-01
-8.579999999999999849e-01 5.600000000000000810e-02 -1.990000000000000102e-01
-9.039999999999999147e-01 -3.099999999999999978e-02 -2.069999999999999896e-01
-8.499999999999999778e-01 1.000000000000000021e-03 -1.970000000000000084e-01
-8.760000000000000009e-01 1.000000000000000021e-03 -2.120000000000000218e-01
-9.130000000000000338e-01 7.000000000000001013e-03 -1.900000000000000022e-01
-8.750000000000000000e-01 3.099999999999999978e-02 -2.000000000000000111e-01
-8.890000000000000124e-01 -5.000000000000000104e-03 -2.089999999999999913e-01
-8.820000000000000062e-01 -1.200000000000000025e-02 -1.649999999999999800e-01
-8.890000000000000124e-01 -2.600000000000000228e-02 -2.230000000000000038e-01
-8.630000000000001004e-01 3.300000000000000155e-02 -2.299999999999999822e-01
-8.659999999999999920e-01 3.699999999999999817e-02 -1.659999999999999809e-01
-8.880000000000001226e-01 -1.600000000000000033e-02 -2.259999999999999787e-01
-8.820000000000000062e-01 -4.900000000000000189e-02 -1.819999999999999951e-01
-8.850000000000000089e-01 -3.000000000000000062e-03 -1.859999999999999987e-01
-8.679999999999999938e-01 -2.299999999999999961e-02 -1.869999999999999996e-01
-8.800000000000001155e-01 -5.500000000000000722e-02 -1.610000000000000042e-01
-8.939999999999999059e-01 5.000000000000000104e-03 -1.970000000000000084e-01
-8.679999999999999938e-01 -2.199999999999999872e-02 -1.940000000000000058e-01
-8.939999999999999059e-01 1.000000000000000021e-03 -1.659999999999999809e-01
-8.599999999999999867e-01 -4.000000000000000083e-03 -1.869999999999999996e-01
-8.569999999999999840e-01 1.000000000000000021e-03 -1.900000000000000022e-01
-8.990000000000000213e-01 2.199999999999999872e-02 -1.849999999999999978e-01
-8.539999999999998703e-01 5.500000000000000722e-02 -1.839999999999999969e-01
-8.609999999999999876e-01 -4.000000000000000083e-02 -1.990000000000000102e-01
-8.800000000000001155e-01 2.400000000000000050e-02 -1.869999999999999996e-01
-8.810000000000000053e-01 5.000000000000000278e-02 -2.200000000000000289e-01
-8.980000000000000204e-01 -4.099999999999999478e-02 -1.869999999999999996e-01
-8.720000000000001084e-01 2.500000000000000139e-02 -1.639999999999999791e-01
-8.840000000000000080e-01 -4.000000000000000083e-03 -1.610000000000000042e-01
-8.689999999999999947e-01 -1.000000000000000021e-02 -2.060000000000000164e-01
-8.630000000000001004e-01 -6.000000000000000125e-03 -1.990000000000000102e-01
-8.760000000000000009e-01 -4.000000000000000083e-02 -1.970000000000000084e-01
-8.640000000000001013e-01 3.099999999999999978e-02 -1.839999999999999969e-01
-8.669999999999999929e-01 6.700000000000000400e-02 -1.940000000000000058e-01
-8.710000000000001075e-01 -3.099999999999999978e-02 -1.699999999999999845e-01
-8.859999999999998987e-01 -2.800000000000000405e-02 -1.900000000000000022e-01
-8.710000000000001075e-01 -1.600000000000000033e-02 -1.990000000000000102e-01
-8.509999999999999787e-01 -2.999999999999999889e-02 -2.000000000000000111e-01
-9.119999999999999218e-01 -1.000000000000000021e-03 -1.920000000000000040e-01
-8.630000000000001004e-01 5.500000000000000722e-02 -1.759999999999999898e-01
-9.000000000000000222e-01 2.500000000000000139e-02 -2.120000000000000218e-01
-8.880000000000001226e-01 4.000000000000000083e-02 -2.350000000000000144e-01
-8.980000000000000204e-01 -2.099999999999999784e-02 -2.290000000000000091e-01
-9.119999999999999218e-01 1.799999999999999864e-02 -1.890000000000000013e-01
-8.720000000000001084e-01 0.000000000000000000e+00 -2.160000000000000253e-01
-8.990000000000000213e-01 1.099999999999999936e-02 -2.390000000000000180e-01
-8.760000000000000009e-01 7.000000000000001013e-03 -2.109999999999999931e-01
-8.830000000000000071e-01 3.000000000000000062e-03 -2.169999999999999984e-01
-9.109999999999999210e-01 -7.000000000000001013e-03 -1.829999999999999960e-01
-8.820000000000000062e-01 4.700000000000000011e-02 -2.049999999999999878e-01
-8.779999999999998916e-01 -0.000000000000000000e+00 -1.819999999999999951e-01
-9.220000000000000417e-01 -1.300000000000000114e-02 -1.940000000000000058e-01
-9.019999999999999130e-01 3.599999999999999728e-02 -1.910000000000000031e-01
-8.649999999999999911e-01 5.000000000000000104e-03 -1.960000000000000075e-01
-8.489999999999999769e-01 -1.799999999999999864e-02 -1.890000000000000013e-01
-8.509999999999999787e-01 1.499999999999999944e-02 -1.409999999999999865e-01
-8.939999999999999059e-01 2.500000000000000139e-02 -1.829999999999999960e-01
-8.990000000000000213e-01 -1.000000000000000021e-02 -1.719999999999999862e-01
-8.699999999999998845e-01 -1.700000000000000122e-02 -2.029999999999999860e-01
-8.750000000000000000e-01 1.600000000000000033e-02 -2.140000000000000235e-01
-8.489999999999999769e-01 4.900000000000000189e-02 -2.200000000000000289e-01
-8.939999999999999059e-01 -3.000000000000000062e-03 -1.990000000000000102e-01
-9.150000000000000355e-01 3.000000000000000062e-03 -2.149999999999999967e-01
-9.050000000000000266e-01 7.000000000000001013e-03 -1.960000000000000075e-01
-8.939999999999999059e-01 2.500000000000000139e-02 -2.069999999999999896e-01
-8.770000000000000018e-01 -1.799999999999999864e-02 -1.769999999999999907e-01
-8.810000000000000053e-01 2.000000000000000042e-02 -1.679999999999999827e-01
-9.010000000000000231e-01 8.999999999999999320e-03 -1.980000000000000093e-01
-8.630000000000001004e-01 2.999999999999999889e-02 -1.809999999999999942e-01
-8.320000000000000728e-01 -8.000000000000000167e-03 -1.729999999999999871e-01
-8.599999999999999867e-01 2.700000000000000316e-02 -2.029999999999999860e-01
-8.820000000000000062e-01 8.000000000000000167e-03 -1.769999999999999907e-01
-8.800000000000001155e-01 2.600000000000000228e-02 -1.849999999999999978e-01
-8.630000000000001004e-01 8.000000000000000167e-03 -1.610000000000000042e-01
-8.880000000000001226e-01 -2.000000000000000042e-03 -1.980000000000000093e-01
-8.509999999999999787e-01 -7.000000000000001013e-03 -1.859999999999999987e-01
-8.840000000000000080e-01 1.700000000000000122e-02 -1.990000000000000102e-01
-8.710000000000001075e-01 2.800000000000000405e-02 -2.089999999999999913e-01
-8.810000000000000053e-01 -4.299999999999999656e-02 -2.089999999999999913e-01
-8.949999999999999067e-01 6.000000000000000125e-03 -1.649999999999999800e-01
-8.460000000000000853e-01 6.000000000000000125e-03 -2.190000000000000002e-01
-8.630000000000001004e-01 4.000000000000000083e-03 -2.330000000000000127e-01
-8.970000000000000195e-01 -3.000000000000000062e-03 -2.259999999999999787e-01
-8.480000000000000870e-01 -3.300000000000000155e-02 -2.149999999999999967e-01
-8.850000000000000089e-01 -4.700000000000000011e-02 -1.910000000000000031e-01
-8.619999999999998774e-01 -2.099999999999999784e-02 -1.849999999999999978e-01
-8.990000000000000213e-01 4.399999999999999745e-02 -2.190000000000000002e-01
-8.659999999999999920e-01 -2.000000000000000042e-02 -1.829999999999999960e-01
-9.099999999999999201e-01 2.299999999999999961e-02 -1.930000000000000049e-01
-8.859999999999998987e-01 8.000000000000000167e-03 -1.890000000000000013e-01
-8.820000000000000062e-01 -6.000000000000000125e-03 -2.009999999999999842e-01
-9.250000000000000444e-01 4.000000000000000083e-03 -1.779999999999999916e-01
-8.930000000000000160e-01 2.500000000000000139e-02 -1.930000000000000049e-01
-8.599999999999999867e-01 1.700000000000000122e-02 -2.180000000000000271e-01
-9.179999999999999272e-01 1.200000000000000025e-02 -1.930000000000000049e-01
-8.720000000000001084e-01 2.099999999999999784e-02 -1.729999999999999871e-01
-9.119999999999999218e-01 -4.000000000000000083e-03 -1.950000000000000067e-01
-9.119999999999999218e-01 5.000000000000000104e-03 -1.809999999999999942e-01
-8.619999999999998774e-01 1.799999999999999864e-02 -1.799999999999999933e-01
-8.910000000000000142e-01 -1.099999999999999936e-02 -1.829999999999999960e-01
-8.770000000000000018e-01 -5.000000000000000104e-03 -1.890000000000000013e-01
-8.429999999999999716e-01 1.700000000000000122e-02 -2.259999999999999787e-01
-8.939999999999999059e-01 -1.000000000000000021e-02 -2.129999999999999949e-01
-8.910000000000000142e-01 -1.300000000000000114e-02 -1.809999999999999942e-01
-9.269999999999999352e-01 4.000000000000000083e-03 -1.360000000000000098e-01
-8.869999999999998996e-01 -2.700000000000000316e-02 -1.869999999999999996e-01
-8.789999999999998925e-01 1.799999999999999864e-02 -2.129999999999999949e-01
-9.220000000000000417e-01 -3.000000000000000062e-03 -1.940000000000000058e-01
-8.820000000000000062e-01 -1.400000000000000203e-02 -1.789999999999999925e-01
-8.939999999999999059e-01 1.499999999999999944e-02 -1.580000000000000016e-01
-8.770000000000000018e-01 4.000000000000000083e-03 -2.029999999999999860e-01
-8.850000000000000089e-01 2.500000000000000139e-02 -1.880000000000000004e-01
-9.130000000000000338e-01 -1.700000000000000122e-02 -2.180000000000000271e-01
-8.640000000000001013e-01 0.000000000000000000e+00 -2.169999999999999984e-01
-9.400000000000000577e-01 -1.000000000000000021e-02 -1.829999999999999960e-01
-9.010000000000000231e-01 7.000000000000001013e-03 -1.910000000000000031e-01
-8.760000000000000009e-01 -1.600000000000000033e-02 -2.129999999999999949e-01
-8.859999999999998987e-01 -1.700000000000000122e-02 -1.659999999999999809e-01
-8.659999999999999920e-01 -8.999999999999999320e-03 -1.669999999999999818e-01
-8.880000000000001226e-01 1.000000000000000021e-03 -1.759999999999999898e-01
-8.579999999999999849e-01 -2.099999999999999784e-02 -1.950000000000000067e-01
-8.710000000000001075e-01 -3.300000000000000155e-02 -1.839999999999999969e-01
-8.619999999999998774e-01 3.300000000000000155e-02 -1.940000000000000058e-01
-8.649999999999999911e-01 -1.899999999999999953e-02 -1.880000000000000004e-01
-8.679999999999999938e-01 -4.000000000000000083e-03 -2.200000000000000289e-01
-9.279999999999999361e-01 -2.500000000000000139e-02 -1.869999999999999996e-01
-8.920000000000000151e-01 2.199999999999999872e-02 -1.549999999999999989e-01
-8.910000000000000142e-01 -3.300000000000000155e-02 -2.020000000000000129e-01
-8.569999999999999840e-01 -5.000000000000000104e-03 -2.259999999999999787e-01
-8.960000000000001297e-01 -1.000000000000000021e-02 -1.749999999999999889e-01
-8.609999999999999876e-01 -7.000000000000001013e-03 -1.709999999999999853e-01
-8.779999999999998916e-01 1.600000000000000033e-02 -1.819999999999999951e-01
-8.789999999999998925e-01 1.799999999999999864e-02 -1.990000000000000102e-01
-8.859999999999998987e-01 4.499999999999999833e-02 -2.390000000000000180e-01
-8.659999999999999920e-01 1.000000000000000021e-02 -2.220000000000000306e-01
-8.779999999999998916e-01 1.200000000000000025e-02 -1.709999999999999853e-01
-8.679999999999999938e-01 3.099999999999999978e-02 -2.120000000000000218e-01
-8.840000000000000080e-01 4.299999999999999656e-02 -1.829999999999999960e-01
-8.550000000000000933e-01 2.199999999999999872e-02 -1.519999999999999962e-01
-9.070000000000000284e-01 8.999999999999999320e-03 -1.910000000000000031e-01
-8.560000000000000941e-01 -2.000000000000000042e-03 -1.910000000000000031e-01
-8.509999999999999787e-01 1.600000000000000033e-02 -2.009999999999999842e-01
-8.980000000000000204e-01 -3.000000000000000062e-03 -1.689999999999999836e-01
-8.890000000000000124e-01 2.899999999999999800e-02 -2.120000000000000218e-01
-8.560000000000000941e-01 -8.999999999999999320e-03 -1.719999999999999862e-01
-8.760000000000000009e-01 -4.099999999999999478e-02 -1.950000000000000067e-01
-8.669999999999999929e-01 -1.000000000000000021e-03 -2.180000000000000271e-01
-9.070000000000000284e-01 -1.200000000000000025e-02 -2.020000000000000129e-01
-8.659999999999999920e-01 1.400000000000000203e-02 -2.129999999999999949e-01
-8.930000000000000160e-01 1.400000000000000203e-02 -2.089999999999999913e-01
-8.669999999999999929e-01 4.000000000000000083e-02 -2.339999999999999858e-01
-8.859999999999998987e-01 1.600000000000000033e-02 -1.880000000000000004e-01
-8.619999999999998774e-01 -2.000000000000000042e-03 -1.610000000000000042e-01
-9.220000000000000417e-01 2.299999999999999961e-02 -1.930000000000000049e-01
-8.640000000000001013e-01 6.000000000000000125e-03 -2.040000000000000147e-01
-8.679999999999999938e-01 -6.000000000000000125e-03 -2.069999999999999896e-01
-8.589999999999999858e-01 1.700000000000000122e-02 -1.940000000000000058e-01
-8.760000000000000009e-01 -2.000000000000000042e-02 -1.839999999999999969e-01
-9.060000000000000275e-01 3.899999999999999994e-02 -1.739999999999999880e-01
-8.599999999999999867e-01 2.099999999999999784e-02 -2.029999999999999860e-01
-8.739999999999999991e-01 6.000000000000000125e-03 -1.769999999999999907e-01
-8.449999999999999734e-01 1.499999999999999944e-02 -2.060000000000000164e-01
-8.659999999999999920e-01 -2.000000000000000042e-03 -1.649999999999999800e-01
-8.659999999999999920e-01 -2.500000000000000139e-02 -2.089999999999999913e-01
-8.830000000000000071e-01 -2.600000000000000228e-02 -2.020000000000000129e-01
-8.869999999999998996e-01 -1.600000000000000033e-02 -1.769999999999999907e-01
-8.760000000000000009e-01 1.000000000000000021e-03 -1.809999999999999942e-01
-9.179999999999999272e-01 -1.600000000000000033e-02 -1.990000000000000102e-01
-9.090000000000000302e-01 -3.300000000000000155e-02 -2.120000000000000218e-01
-8.630000000000001004e-01 -1.700000000000000122e-02 -1.819999999999999951e-01
-8.750000000000000000e-01 4.599999999999999922e-02 -2.049999999999999878e-01
-8.599999999999999867e-01 1.700000000000000122e-02 -1.970000000000000084e-01
-8.770000000000000018e-01 1.300000000000000114e-02 -1.580000000000000016e-01
-8.779999999999998916e-01 2.999999999999999889e-02 -1.580000000000000016e-01
-9.109999999999999210e-01 -1.200000000000000025e-02 -2.020000000000000129e-01
-8.779999999999998916e-01 6.000000000000000125e-03 -1.749999999999999889e-01
-8.760000000000000009e-01 1.499999999999999944e-02 -1.940000000000000058e-01
-8.689999999999999947e-01 -2.000000000000000042e-03 -2.060000000000000164e-01
-8.400000000000000799e-01 -3.699999999999999817e-02 -1.649999999999999800e-01
-8.840000000000000080e-01 -4.000000000000000083e-03 -1.539999999999999980e-01
-8.609999999999999876e-01 -6.899999999999999190e-02 -1.689999999999999836e-01
-8.710000000000001075e-01 -7.000000000000001013e-03 -2.359999999999999876e-01
-8.859999999999998987e-01 -3.200000000000000067e-02 -1.849999999999999978e-01
-8.579999999999999849e-01 -2.299999999999999961e-02 -2.089999999999999913e-01
-8.949999999999999067e-01 5.200000000000000455e-02 -1.819999999999999951e-01
-8.539999999999998703e-01 4.000000000000000083e-03 -2.009999999999999842e-01
-8.869999999999998996e-01 -4.599999999999999922e-02 -1.819999999999999951e-01
-8.609999999999999876e-01 -2.899999999999999800e-02 -1.839999999999999969e-01
-8.859999999999998987e-01 -1.000000000000000021e-03 -1.849999999999999978e-01
-8.800000000000001155e-01 2.999999999999999889e-02 -1.679999999999999827e-01
-8.830000000000000071e-01 -3.699999999999999817e-02 -1.990000000000000102e-01
-8.619999999999998774e-01 -2.500000000000000139e-02 -1.980000000000000093e-01
-8.939999999999999059e-01 2.600000000000000228e-02 -1.729999999999999871e-01
-8.640000000000001013e-01 -1.300000000000000114e-02 -1.719999999999999862e-01
-8.800000000000001155e-01 -2.299999999999999961e-02 -1.950000000000000067e-01
-8.519999999999999796e-01 -1.099999999999999936e-02 -1.799999999999999933e-01
-8.630000000000001004e-01 -2.000000000000000042e-03 -2.230000000000000038e-01
-8.659999999999999920e-01 1.700000000000000122e-02 -1.890000000000000013e-01
-8.869999999999998996e-01 -2.000000000000000042e-02 -2.129999999999999949e-01
-8.850000000000000089e-01 -0.000000000000000000e+00 -2.279999999999999805e-01
-9.000000000000000222e-01 -1.000000000000000021e-03 -1.610000000000000042e-01
-8.779999999999998916e-01 1.400000000000000203e-02 -1.649999999999999800e-01
-8.679999999999999938e-01 3.000000000000000062e-03 -2.069999999999999896e-01
-8.789999999999998925e-01 -4.000000000000000083e-02 -1.980000000000000093e-01
-8.649999999999999911e-01 1.899999999999999953e-02 -1.980000000000000093e-01
-9.109999999999999210e-01 -1.099999999999999936e-02 -1.839999999999999969e-01
-9.090000000000000302e-01 3.400000000000000244e-02 -1.659999999999999809e-01
-8.949999999999999067e-01 -6.000000000000000125e-03 -1.669999999999999818e-01
-8.789999999999998925e-01 -3.400000000000000244e-02 -2.060000000000000164e-01
-8.830000000000000071e-01 3.699999999999999817e-02 -1.849999999999999978e-01
-9.300000000000000488e-01 -2.099999999999999784e-02 -1.920000000000000040e-01
-8.970000000000000195e-01 -3.099999999999999978e-02 -1.910000000000000031e-01
-9.019999999999999130e-01 1.700000000000000122e-02 -2.169999999999999984e-01
-8.729999999999999982e-01 -5.699999999999999512e-02 -1.809999999999999942e-01
-8.630000000000001004e-01 6.000000000000000125e-03 -1.990000000000000102e-01
-8.770000000000000018e-01 -3.000000000000000062e-03 -2.250000000000000056e-01
-9.109999999999999210e-01 2.400000000000000050e-02 -1.639999999999999791e-01
-9.170000000000000373e-01 7.000000000000001013e-03 -1.839999999999999969e-01
-9.060000000000000275e-01 3.699999999999999817e-02 -2.140000000000000235e-01
-8.569999999999999840e-01 -1.300000000000000114e-02 -1.749999999999999889e-01
-8.739999999999999991e-01 -8.999999999999999320e-03 -2.230000000000000038e-01
-8.539999999999998703e-01 4.000000000000000083e-03 -1.509999999999999953e-01
-8.689999999999999947e-01 6.000000000000000125e-03 -1.739999999999999880e-01
-8.659999999999999920e-01 3.300000000000000155e-02 -2.000000000000000111e-01
-9.090000000000000302e-01 3.400000000000000244e-02 -2.060000000000000164e-01
-8.789999999999998925e-01 0.000000000000000000e+00 -1.920000000000000040e-01
-8.579999999999999849e-01 -1.099999999999999936e-02 -1.469999999999999918e-01
-9.000000000000000222e-01 -1.799999999999999864e-02 -1.729999999999999871e-01
-8.720000000000001084e-01 2.000000000000000042e-03 -2.210000000000000020e-01
-8.850000000000000089e-01 -1.700000000000000122e-02 -2.009999999999999842e-01
-8.949999999999999067e-01 4.700000000000000011e-02 -2.049999999999999878e-01
-8.609999999999999876e-01 5.100000000000000366e-02 -2.020000000000000129e-01
-9.039999999999999147e-01 8.999999999999999320e-03 -2.230000000000000038e-01
-8.930000000000000160e-01 -2.199999999999999872e-02 -2.080000000000000182e-01
-8.869999999999998996e-01 -5.000000000000000104e-03 -1.779999999999999916e-01
-9.189999999999999281e-01 3.699999999999999817e-02 -1.920000000000000040e-01
-9.050000000000000266e-01 -2.800000000000000405e-02 -2.040000000000000147e-01
-8.800000000000001155e-01 1.099999999999999936e-02 -2.020000000000000129e-01
-9.019999999999999130e-01 -1.000000000000000021e-03 -1.950000000000000067e-01
-8.720000000000001084e-01 -4.000000000000000083e-03 -1.950000000000000067e-01
-9.019999999999999130e-01 -6.700000000000000400e-02 -2.009999999999999842e-01
-8.560000000000000941e-01 -1.400000000000000203e-02 -1.880000000000000004e-01
-8.970000000000000195e-01 1.600000000000000033e-02 -1.960000000000000075e-01
-9.259999999999999343e-01 -1.300000000000000114e-02 -1.610000000000000042e-01
-8.970000000000000195e-01 -3.499999999999999639e-02 -1.960000000000000075e-01
-8.649999999999999911e-01 2.700000000000000316e-02 -2.129999999999999949e-01
-8.669999999999999929e-01 -2.299999999999999961e-02 -2.049999999999999878e-01
-8.779999999999998916e-01 6.000000000000000125e-03 -1.970000000000000084e-01
-8.649999999999999911e-01 1.000000000000000021e-02 -1.809999999999999942e-01
-8.869999999999998996e-01 -4.000000000000000083e-03 -1.639999999999999791e-01
-8.840000000000000080e-01 -1.400000000000000203e-02 -1.809999999999999942e-01
-8.750000000000000000e-01 -1.600000000000000033e-02 -2.109999999999999931e-01
-8.869999999999998996e-01 -2.000000000000000042e-02 -2.029999999999999860e-01
-8.949999999999999067e-01 -5.000000000000000104e-03 -2.020000000000000129e-01
-8.789999999999998925e-01 -3.099999999999999978e-02 -1.629999999999999782e-01
-9.189999999999999281e-01 7.000000000000001013e-03 -1.799999999999999933e-01
-9.010000000000000231e-01 -2.000000000000000042e-03 -1.980000000000000093e-01
-8.920000000000000151e-01 2.299999999999999961e-02 -1.930000000000000049e-01
-8.770000000000000018e-01 -1.200000000000000025e-02 -1.789999999999999925e-01
-8.679999999999999938e-01 1.899999999999999953e-02 -2.040000000000000147e-01
-8.939999999999999059e-01 3.599999999999999728e-02 -2.109999999999999931e-01
-8.939999999999999059e-01 -1.300000000000000114e-02 -2.270000000000000073e-01
-8.569999999999999840e-01 4.000000000000000083e-03 -1.819999999999999951e-01
-8.729999999999999982e-01 4.099999999999999478e-02 -2.009999999999999842e-01
-8.820000000000000062e-01 0.000000000000000000e+00 -2.109999999999999931e-01
-8.720000000000001084e-01 8.999999999999999320e-03 -1.960000000000000075e-01
-9.010000000000000231e-01 -1.000000000000000021e-02 -1.900000000000000022e-01
-8.560000000000000941e-01 -3.000000000000000062e-03 -1.799999999999999933e-01
-8.739999999999999991e-01 8.000000000000000167e-03 -2.180000000000000271e-01
-8.720000000000001084e-01 2.400000000000000050e-02 -2.149999999999999967e-01
-8.779999999999998916e-01 1.600000000000000033e-02 -1.729999999999999871e-01
-8.609999999999999876e-01 3.200000000000000067e-02 -1.940000000000000058e-01
-8.689999999999999947e-01 1.000000000000000021e-02 -1.869999999999999996e-01
-9.130000000000000338e-01 -2.800000000000000405e-02 -1.940000000000000058e-01
-8.960000000000001297e-01 4.000000000000000083e-03 -1.829999999999999960e-01
-8.729999999999999982e-01 4.000000000000000083e-03 -1.849999999999999978e-01
-8.760000000000000009e-01 1.899999999999999953e-02 -1.799999999999999933e-01
-8.579999999999999849e-01 -2.600000000000000228e-02 -1.759999999999999898e-01
-8.850000000000000089e-01 8.999999999999999320e-03 -1.920000000000000040e-01
