7.849999999999999201e-01 -1.700000000000000122e-02 -4.309999999999999387e-01
7.920000000000000373e-01 -3.200000000000000067e-02 -4.360000000000000542e-01
7.860000000000000320e-01 -1.700000000000000122e-02 -4.030000000000000249e-01
7.900000000000000355e-01 7.000000000000001013e-03 -4.120000000000000329e-01
7.900000000000000355e-01 -7.000000000000001013e-03 -4.369999999999999996e-01
7.769999999999999130e-01 -2.299999999999999961e-02 -4.080000000000000293e-01
7.610000000000000098e-01 -1.799999999999999864e-02 -4.160000000000000364e-01
7.980000000000000426e-01 -5.000000000000000278e-02 -4.490000000000000102e-01
7.740000000000000213e-01 -3.499999999999999639e-02 -4.389999999999999458e-01
7.849999999999999201e-01 -6.000000000000000125e-03 -4.070000000000000284e-01
8.009999999999999343e-01 -4.000000000000000083e-02 -4.440000000000000613e-01
7.940000000000000391e-01 -6.000000000000000125e-03 -4.269999999999999352e-01
8.070000000000000506e-01 8.999999999999999320e-03 -3.930000000000000160e-01
8.019999999999999352e-01 4.000000000000000083e-03 -4.329999999999999960e-01
7.790000000000000258e-01 -8.599999999999999312e-02 -4.309999999999999387e-01
7.969999999999999307e-01 1.499999999999999944e-02 -4.429999999999999494e-01
7.870000000000000329e-01 -2.999999999999999889e-02 -3.850000000000000089e-01
8.089999999999999414e-01 -1.000000000000000021e-03 -4.139999999999999791e-01
8.019999999999999352e-01 -1.000000000000000021e-03 -4.099999999999999756e-01
7.920000000000000373e-01 -1.099999999999999936e-02 -4.009999999999999676e-01
8.179999999999999494e-01 -3.300000000000000155e-02 -4.200000000000000400e-01
8.029999999999999361e-01 -4.900000000000000189e-02 -4.299999999999999933e-01
7.940000000000000391e-01 -1.200000000000000025e-02 -4.179999999999999827e-01
7.830000000000000293e-01 1.099999999999999936e-02 -4.209999999999999853e-01
7.900000000000000355e-01 -3.099999999999999978e-02 -4.389999999999999458e-01
7.790000000000000258e-01 -4.599999999999999922e-02 -4.150000000000000355e-01
8.199999999999999512e-01 -3.200000000000000067e-02 -4.269999999999999352e-01
8.000000000000000444e-01 -6.999999999999999278e-02 -4.490000000000000102e-01
8.220000000000000639e-01 -3.300000000000000155e-02 -3.980000000000000204e-01
8.060000000000000497e-01 -3.099999999999999978e-02 -4.219999999999999862e-01
7.489999999999999991e-01 -2.099999999999999784e-02 -4.349999999999999423e-01
8.199999999999999512e-01 5.000000000000000104e-03 -4.380000000000000004e-01
7.660000000000000142e-01 -2.600000000000000228e-02 -4.669999999999999707e-01
7.940000000000000391e-01 -1.700000000000000122e-02 -4.269999999999999352e-01
7.670000000000000151e-01 -1.300000000000000114e-02 -4.009999999999999676e-01
7.820000000000000284e-01 1.300000000000000114e-02 -4.150000000000000355e-01
7.889999999999999236e-01 -7.699999999999999900e-02 -4.380000000000000004e-01
8.230000000000000648e-01 -8.000000000000000167e-03 -4.339999999999999969e-01
8.169999999999999485e-01 2.899999999999999800e-02 -4.289999999999999925e-01
8.039999999999999369e-01 -4.700000000000000011e-02 -3.940000000000000169e-01
8.349999999999999645e-01 1.099999999999999936e-02 -3.960000000000000187e-01
7.870000000000000329e-01 -8.000000000000000167e-03 -4.150000000000000355e-01
8.249999999999999556e-01 2.000000000000000042e-03 -4.610000000000000209e-01
7.469999999999999973e-01 -5.699999999999999512e-02 -4.070000000000000284e-01
8.000000000000000444e-01 1.000000000000000021e-03 -4.460000000000000075e-01
7.990000000000000435e-01 -2.199999999999999872e-02 -4.120000000000000329e-01
7.960000000000000409e-01 1.200000000000000025e-02 -4.540000000000000147e-01
8.240000000000000657e-01 -1.000000000000000021e-03 -4.380000000000000004e-01
7.750000000000000222e-01 -4.399999999999999745e-02 -4.299999999999999933e-01
8.150000000000000577e-01 -2.700000000000000316e-02 -4.309999999999999387e-01
8.080000000000000515e-01 2.000000000000000042e-03 -4.080000000000000293e-01
8.099999999999999423e-01 -3.400000000000000244e-02 -4.289999999999999925e-01
7.830000000000000293e-01 -2.500000000000000139e-02 -4.019999999999999685e-01
8.279999999999999583e-01 1.400000000000000203e-02 -4.139999999999999791e-01
7.329999999999999849e-01 -3.899999999999999994e-02 -3.719999999999999973e-01
7.760000000000000231e-01 -4.099999999999999478e-02 -4.129999999999999782e-01
8.019999999999999352e-01 -1.799999999999999864e-02 -4.420000000000000040e-01
8.130000000000000560e-01 -7.000000000000001013e-03 -4.299999999999999933e-01
8.099999999999999423e-01 -1.099999999999999936e-02 -4.009999999999999676e-01
7.800000000000000266e-01 -1.899999999999999953e-02 -4.429999999999999494e-01
8.130000000000000560e-01 -4.000000000000000083e-02 -4.400000000000000577e-01
7.950000000000000400e-01 -1.700000000000000122e-02 -4.380000000000000004e-01
7.369999999999999885e-01 -8.000000000000000167e-03 -4.309999999999999387e-01
7.920000000000000373e-01 -4.800000000000000100e-02 -4.309999999999999387e-01
7.830000000000000293e-01 -1.300000000000000114e-02 -4.289999999999999925e-01
7.969999999999999307e-01 -1.000000000000000021e-03 -4.150000000000000355e-01
8.000000000000000444e-01 1.700000000000000122e-02 -3.960000000000000187e-01
8.249999999999999556e-01 2.899999999999999800e-02 -4.240000000000000435e-01
7.849999999999999201e-01 1.300000000000000114e-02 -4.280000000000000471e-01
8.140000000000000568e-01 2.999999999999999889e-02 -4.230000000000000426e-01
7.630000000000000115e-01 4.000000000000000083e-03 -3.990000000000000213e-01
8.189999999999999503e-01 -2.400000000000000050e-02 -4.150000000000000355e-01
8.039999999999999369e-01 -5.799999999999999600e-02 -4.120000000000000329e-01
7.980000000000000426e-01 2.600000000000000228e-02 -4.219999999999999862e-01
7.790000000000000258e-01 2.400000000000000050e-02 -4.349999999999999423e-01
8.000000000000000444e-01 -3.499999999999999639e-02 -3.910000000000000142e-01
8.310000000000000719e-01 -5.699999999999999512e-02 -4.209999999999999853e-01
7.630000000000000115e-01 -3.400000000000000244e-02 -4.580000000000000182e-01
7.560000000000000053e-01 -2.299999999999999961e-02 -4.009999999999999676e-01
8.070000000000000506e-01 -5.400000000000000633e-02 -4.080000000000000293e-01
8.000000000000000444e-01 -7.000000000000001013e-03 -4.209999999999999853e-01
7.750000000000000222e-01 -5.400000000000000633e-02 -4.549999999999999600e-01
8.230000000000000648e-01 -2.500000000000000139e-02 -4.380000000000000004e-01
8.029999999999999361e-01 -3.699999999999999817e-02 -4.110000000000000320e-01
8.310000000000000719e-01 1.300000000000000114e-02 -4.089999999999999747e-01
7.980000000000000426e-01 -1.899999999999999953e-02 -4.099999999999999756e-01
7.780000000000000249e-01 2.299999999999999961e-02 -4.280000000000000471e-01
8.130000000000000560e-01 -1.400000000000000203e-02 -4.099999999999999756e-01
7.940000000000000391e-01 -1.000000000000000021e-03 -4.469999999999999529e-01
7.870000000000000329e-01 1.499999999999999944e-02 -4.480000000000000648e-01
7.610000000000000098e-01 -2.400000000000000050e-02 -4.129999999999999782e-01
7.800000000000000266e-01 -3.000000000000000062e-03 -4.049999999999999711e-01
7.889999999999999236e-01 -3.300000000000000155e-02 -4.369999999999999996e-01
7.840000000000000302e-01 -5.300000000000000544e-02 -4.099999999999999756e-01
8.310000000000000719e-01 -1.300000000000000114e-02 -4.429999999999999494e-01
7.650000000000000133e-01 -6.000000000000000125e-03 -4.549999999999999600e-01
7.950000000000000400e-01 -2.800000000000000405e-02 -4.280000000000000471e-01
8.179999999999999494e-01 4.000000000000000083e-03 -4.389999999999999458e-01
7.889999999999999236e-01 -4.199999999999999567e-02 -4.129999999999999782e-01
8.279999999999999583e-01 5.100000000000000366e-02 -4.380000000000000004e-01
8.189999999999999503e-01 -8.999999999999999320e-03 -4.320000000000000506e-01
8.080000000000000515e-01 -4.499999999999999833e-02 -4.099999999999999756e-01
8.009999999999999343e-01 -1.799999999999999864e-02 -4.099999999999999756e-01
7.920000000000000373e-01 1.700000000000000122e-02 -4.480000000000000648e-01
7.880000000000000338e-01 -3.000000000000000062e-03 -4.280000000000000471e-01
7.950000000000000400e-01 -6.000000000000000125e-03 -4.139999999999999791e-01
8.230000000000000648e-01 -4.800000000000000100e-02 -4.280000000000000471e-01
8.060000000000000497e-01 -2.000000000000000042e-02 -4.269999999999999352e-01
8.009999999999999343e-01 -1.000000000000000021e-03 -4.380000000000000004e-01
7.730000000000000204e-01 -3.200000000000000067e-02 -4.299999999999999933e-01
7.880000000000000338e-01 -8.999999999999999320e-03 -4.120000000000000329e-01
8.439999999999999725e-01 -1.099999999999999936e-02 -4.200000000000000400e-01
8.380000000000000782e-01 -4.000000000000000083e-03 -4.120000000000000329e-01
7.449999999999999956e-01 6.000000000000000125e-03 -4.410000000000000031e-01
8.329999999999999627e-01 -3.699999999999999817e-02 -4.519999999999999574e-01
8.169999999999999485e-01 -4.900000000000000189e-02 -4.460000000000000075e-01
7.720000000000000195e-01 -1.000000000000000021e-02 -4.120000000000000329e-01
7.980000000000000426e-01 -5.000000000000000278e-02 -4.230000000000000426e-01
8.060000000000000497e-01 1.499999999999999944e-02 -4.429999999999999494e-01
8.349999999999999645e-01 -5.300000000000000544e-02 -3.890000000000000124e-01
8.220000000000000639e-01 -1.799999999999999864e-02 -4.169999999999999818e-01
8.060000000000000497e-01 -2.199999999999999872e-02 -3.940000000000000169e-01
7.860000000000000320e-01 -3.000000000000000062e-03 -4.280000000000000471e-01
7.769999999999999130e-01 -1.600000000000000033e-02 -4.389999999999999458e-01
8.130000000000000560e-01 -2.199999999999999872e-02 -3.970000000000000195e-01
7.820000000000000284e-01 -4.700000000000000011e-02 -4.500000000000000111e-01
8.489999999999999769e-01 -7.699999999999999900e-02 -4.360000000000000542e-01
7.809999999999999165e-01 -3.000000000000000062e-03 -4.299999999999999933e-01
7.680000000000000160e-01 -2.800000000000000405e-02 -4.469999999999999529e-01
7.860000000000000320e-01 -3.200000000000000067e-02 -4.329999999999999960e-01
7.849999999999999201e-01 -6.199999999999999956e-02 -4.289999999999999925e-01
8.070000000000000506e-01 -1.700000000000000122e-02 -4.249999999999999889e-01
7.870000000000000329e-01 -3.200000000000000067e-02 -4.400000000000000577e-01
8.029999999999999361e-01 3.200000000000000067e-02 -4.500000000000000111e-01
8.019999999999999352e-01 -5.500000000000000722e-02 -4.360000000000000542e-01
7.800000000000000266e-01 -2.000000000000000042e-02 -4.120000000000000329e-01
7.700000000000000178e-01 -1.099999999999999936e-02 -4.549999999999999600e-01
8.070000000000000506e-01 -6.500000000000000222e-02 -4.490000000000000102e-01
7.670000000000000151e-01 -2.199999999999999872e-02 -4.249999999999999889e-01
7.439999999999999947e-01 0.000000000000000000e+00 -4.289999999999999925e-01
7.640000000000000124e-01 -2.299999999999999961e-02 -4.110000000000000320e-01
8.409999999999999698e-01 3.000000000000000062e-03 -4.410000000000000031e-01
7.840000000000000302e-01 -1.099999999999999936e-02 -4.589999999999999636e-01
7.560000000000000053e-01 -1.700000000000000122e-02 -4.309999999999999387e-01
7.880000000000000338e-01 7.000000000000001013e-03 -4.389999999999999458e-01
7.929999999999999272e-01 -1.499999999999999944e-02 -4.490000000000000102e-01
7.570000000000000062e-01 -3.499999999999999639e-02 -4.200000000000000400e-01
7.870000000000000329e-01 8.999999999999999320e-03 -4.709999999999999742e-01
7.560000000000000053e-01 -2.700000000000000316e-02 -4.080000000000000293e-01
8.050000000000000488e-01 -4.199999999999999567e-02 -4.269999999999999352e-01
7.910000000000000364e-01 -2.700000000000000316e-02 -4.240000000000000435e-01
8.349999999999999645e-01 -1.099999999999999936e-02 -4.320000000000000506e-01
8.109999999999999432e-01 -2.400000000000000050e-02 -4.500000000000000111e-01
7.750000000000000222e-01 -2.999999999999999889e-02 -4.460000000000000075e-01
8.249999999999999556e-01 -2.000000000000000042e-02 -4.139999999999999791e-01
7.870000000000000329e-01 -6.300000000000000044e-02 -4.740000000000000324e-01
8.349999999999999645e-01 -1.700000000000000122e-02 -4.009999999999999676e-01
7.820000000000000284e-01 -3.000000000000000062e-03 -4.339999999999999969e-01
8.359999999999999654e-01 -2.199999999999999872e-02 -4.160000000000000364e-01
7.820000000000000284e-01 -1.700000000000000122e-02 -4.240000000000000435e-01
8.140000000000000568e-01 -1.400000000000000203e-02 -4.289999999999999925e-01
7.920000000000000373e-01 -4.000000000000000083e-02 -4.490000000000000102e-01
8.029999999999999361e-01 -1.300000000000000114e-02 -4.450000000000000067e-01
7.840000000000000302e-01 1.700000000000000122e-02 -4.280000000000000471e-01
8.179999999999999494e-01 -5.000000000000000104e-03 -4.080000000000000293e-01
7.640000000000000124e-01 8.000000000000000167e-03 -4.389999999999999458e-01
7.680000000000000160e-01 -7.399999999999999634e-02 -4.120000000000000329e-01
7.809999999999999165e-01 -4.399999999999999745e-02 -4.129999999999999782e-01
8.150000000000000577e-01 -1.200000000000000025e-02 -4.349999999999999423e-01
8.199999999999999512e-01 -3.599999999999999728e-02 -4.349999999999999423e-01
8.009999999999999343e-01 -7.499999999999999722e-02 -4.219999999999999862e-01
7.580000000000000071e-01 4.499999999999999833e-02 -4.000000000000000222e-01
8.080000000000000515e-01 -5.699999999999999512e-02 -4.080000000000000293e-01
7.660000000000000142e-01 -2.400000000000000050e-02 -4.129999999999999782e-01
8.249999999999999556e-01 -4.000000000000000083e-02 -4.259999999999999898e-01
7.900000000000000355e-01 -1.400000000000000203e-02 -4.369999999999999996e-01
7.730000000000000204e-01 -3.099999999999999978e-02 -4.380000000000000004e-01
7.630000000000000115e-01 -4.700000000000000011e-02 -4.150000000000000355e-01
8.029999999999999361e-01 -1.499999999999999944e-02 -4.500000000000000111e-01
7.530000000000000027e-01 -2.700000000000000316e-02 -4.129999999999999782e-01
8.060000000000000497e-01 -3.400000000000000244e-02 -4.339999999999999969e-01
7.630000000000000115e-01 -1.000000000000000021e-03 -4.059999999999999720e-01
8.189999999999999503e-01 -4.000000000000000083e-02 -4.420000000000000040e-01
7.980000000000000426e-01 -6.000000000000000125e-03 -4.469999999999999529e-01
7.889999999999999236e-01 2.500000000000000139e-02 -4.019999999999999685e-01
8.000000000000000444e-01 -3.300000000000000155e-02 -4.219999999999999862e-01
8.320000000000000728e-01 -3.799999999999999906e-02 -3.719999999999999973e-01
8.279999999999999583e-01 -2.899999999999999800e-02 -4.410000000000000031e-01
7.830000000000000293e-01 1.300000000000000114e-02 -3.920000000000000151e-01
7.889999999999999236e-01 -4.199999999999999567e-02 -4.110000000000000320e-01
7.750000000000000222e-01 -8.000000000000000167e-03 -4.410000000000000031e-01
7.900000000000000355e-01 -1.899999999999999953e-02 -4.200000000000000400e-01
8.429999999999999716e-01 -4.099999999999999478e-02 -4.169999999999999818e-01
8.019999999999999352e-01 5.600000000000000810e-02 -4.040000000000000258e-01
7.910000000000000364e-01 3.000000000000000062e-03 -4.299999999999999933e-01
8.320000000000000728e-01 -3.400000000000000244e-02 -4.500000000000000111e-01
7.800000000000000266e-01 -8.000000000000000167e-03 -4.420000000000000040e-01
8.169999999999999485e-01 -5.500000000000000722e-02 -4.480000000000000648e-01
8.000000000000000444e-01 -3.099999999999999978e-02 -4.000000000000000222e-01
7.710000000000000187e-01 -1.200000000000000025e-02 -3.940000000000000169e-01
7.929999999999999272e-01 3.899999999999999994e-02 -4.380000000000000004e-01
8.269999999999999574e-01 -2.800000000000000405e-02 -4.009999999999999676e-01
7.710000000000000187e-01 1.899999999999999953e-02 -4.230000000000000426e-01
7.710000000000000187e-01 -5.000000000000000104e-03 -4.269999999999999352e-01
7.690000000000000169e-01 -5.799999999999999600e-02 -4.049999999999999711e-01
8.339999999999999636e-01 -6.000000000000000125e-03 -4.389999999999999458e-01
7.889999999999999236e-01 1.200000000000000025e-02 -4.289999999999999925e-01
7.760000000000000231e-01 -4.099999999999999478e-02 -4.389999999999999458e-01
7.880000000000000338e-01 -1.700000000000000122e-02 -4.259999999999999898e-01
7.700000000000000178e-01 -3.799999999999999906e-02 -3.880000000000000115e-01
8.019999999999999352e-01 2.400000000000000050e-02 -4.400000000000000577e-01
7.740000000000000213e-01 -4.399999999999999745e-02 -4.339999999999999969e-01
7.670000000000000151e-01 -7.000000000000001013e-03 -4.019999999999999685e-01
8.029999999999999361e-01 4.599999999999999922e-02 -4.099999999999999756e-01
7.590000000000000080e-01 -1.000000000000000021e-03 -4.160000000000000364e-01
7.840000000000000302e-01 6.000000000000000125e-03 -4.490000000000000102e-01
8.080000000000000515e-01 -3.200000000000000067e-02 -4.150000000000000355e-01
7.800000000000000266e-01 -1.200000000000000025e-02 -4.380000000000000004e-01
8.279999999999999583e-01 -2.000000000000000042e-02 -4.329999999999999960e-01
8.329999999999999627e-01 -2.199999999999999872e-02 -4.179999999999999827e-01
7.720000000000000195e-01 -2.700000000000000316e-02 -4.329999999999999960e-01
8.000000000000000444e-01 -6.099999999999999867e-02 -4.160000000000000364e-01
7.560000000000000053e-01 -3.200000000000000067e-02 -3.890000000000000124e-01
8.240000000000000657e-01 -5.300000000000000544e-02 -3.810000000000000053e-01
8.179999999999999494e-01 -2.800000000000000405e-02 -4.190000000000000391e-01
7.900000000000000355e-01 6.000000000000000125e-03 -4.240000000000000435e-01
8.029999999999999361e-01 -1.200000000000000025e-02 -4.219999999999999862e-01
8.269999999999999574e-01 3.000000000000000062e-03 -4.280000000000000471e-01
7.769999999999999130e-01 1.099999999999999936e-02 -4.200000000000000400e-01
7.800000000000000266e-01 -2.899999999999999800e-02 -4.219999999999999862e-01
8.000000000000000444e-01 -4.000000000000000083e-02 -4.110000000000000320e-01
8.050000000000000488e-01 -1.000000000000000021e-02 -4.080000000000000293e-01
7.690000000000000169e-01 0.000000000000000000e+00 -4.200000000000000400e-01
7.849999999999999201e-01 -6.600000000000000311e-02 -4.280000000000000471e-01
8.089999999999999414e-01 -2.299999999999999961e-02 -4.209999999999999853e-01
7.730000000000000204e-01 6.000000000000000125e-03 -4.490000000000000102e-01
7.809999999999999165e-01 7.000000000000001013e-03 -4.389999999999999458e-01
8.419999999999999707e-01 -2.600000000000000228e-02 -4.440000000000000613e-01
7.960000000000000409e-01 -5.000000000000000104e-03 -4.200000000000000400e-01
7.870000000000000329e-01 -4.199999999999999567e-02 -4.190000000000000391e-01
7.960000000000000409e-01 -1.200000000000000025e-02 -4.240000000000000435e-01
8.029999999999999361e-01 -3.799999999999999906e-02 -4.240000000000000435e-01
7.849999999999999201e-01 -5.200000000000000455e-02 -4.240000000000000435e-01
7.600000000000000089e-01 3.200000000000000067e-02 -4.209999999999999853e-01
7.750000000000000222e-01 -2.999999999999999889e-02 -4.400000000000000577e-01
8.029999999999999361e-01 -1.000000000000000021e-03 -4.289999999999999925e-01
8.189999999999999503e-01 -5.500000000000000722e-02 -4.400000000000000577e-01
7.610000000000000098e-01 6.000000000000000125e-03 -4.230000000000000426e-01
7.670000000000000151e-01 -1.899999999999999953e-02 -4.259999999999999898e-01
7.600000000000000089e-01 -3.200000000000000067e-02 -4.289999999999999925e-01
8.019999999999999352e-01 -1.899999999999999953e-02 -4.200000000000000400e-01
7.750000000000000222e-01 -2.500000000000000139e-02 -4.120000000000000329e-01
7.429999999999999938e-01 -2.600000000000000228e-02 -4.280000000000000471e-01
8.039999999999999369e-01 -2.800000000000000405e-02 -4.120000000000000329e-01
7.740000000000000213e-01 -2.000000000000000042e-03 -4.240000000000000435e-01
7.769999999999999130e-01 -7.000000000000001013e-03 -4.190000000000000391e-01
8.150000000000000577e-01 -3.899999999999999994e-02 -4.249999999999999889e-01
7.720000000000000195e-01 -3.799999999999999906e-02 -4.309999999999999387e-01
7.670000000000000151e-01 -5.000000000000000104e-03 -4.299999999999999933e-01
7.540000000000000036e-01 3.099999999999999978e-02 -4.190000000000000391e-01
7.690000000000000169e-01 -4.700000000000000011e-02 -3.980000000000000204e-01
7.870000000000000329e-01 -8.999999999999999320e-03 -4.410000000000000031e-01
8.019999999999999352e-01 -7.000000000000001013e-03 -4.259999999999999898e-01
8.089999999999999414e-01 -4.399999999999999745e-02 -4.169999999999999818e-01
7.700000000000000178e-01 -3.799999999999999906e-02 -4.019999999999999685e-01
7.990000000000000435e-01 -1.899999999999999953e-02 -4.429999999999999494e-01
8.150000000000000577e-01 2.700000000000000316e-02 -4.120000000000000329e-01
7.880000000000000338e-01 -2.299999999999999961e-02 -4.099999999999999756e-01
7.750000000000000222e-01 -2.700000000000000316e-02 -4.150000000000000355e-01
7.820000000000000284e-01 -1.899999999999999953e-02 -4.169999999999999818e-01
7.990000000000000435e-01 -6.199999999999999956e-02 -4.240000000000000435e-01
8.269999999999999574e-01 -3.200000000000000067e-02 -4.169999999999999818e-01
8.119999999999999440e-01 -1.000000000000000021e-02 -4.219999999999999862e-01
8.039999999999999369e-01 -3.099999999999999978e-02 -4.200000000000000400e-01
8.130000000000000560e-01 7.000000000000001013e-03 -4.490000000000000102e-01
7.929999999999999272e-01 -2.500000000000000139e-02 -3.990000000000000213e-01
7.820000000000000284e-01 1.400000000000000203e-02 -4.230000000000000426e-01
7.800000000000000266e-01 -2.299999999999999961e-02 -4.000000000000000222e-01
8.060000000000000497e-01 2.700000000000000316e-02 -4.420000000000000040e-01
7.950000000000000400e-01 -1.099999999999999936e-02 -4.440000000000000613e-01
7.870000000000000329e-01 -1.600000000000000033e-02 -4.349999999999999423e-01
7.520000000000000018e-01 -2.199999999999999872e-02 -4.429999999999999494e-01
7.960000000000000409e-01 -3.699999999999999817e-02 -4.030000000000000249e-01
8.240000000000000657e-01 -2.500000000000000139e-02 -4.089999999999999747e-01
7.830000000000000293e-01 5.000000000000000104e-03 -4.230000000000000426e-01
8.130000000000000560e-01 -1.499999999999999944e-02 -4.099999999999999756e-01
8.019999999999999352e-01 1.600000000000000033e-02 -4.089999999999999747e-01
8.130000000000000560e-01 -1.300000000000000114e-02 -4.679999999999999716e-01
7.570000000000000062e-01 -7.799999999999999989e-02 -4.200000000000000400e-01
7.690000000000000169e-01 -4.000000000000000083e-02 -4.110000000000000320e-01
8.089999999999999414e-01 -2.400000000000000050e-02 -4.129999999999999782e-01
8.189999999999999503e-01 -3.300000000000000155e-02 -3.950000000000000178e-01
7.940000000000000391e-01 6.000000000000000125e-03 -4.000000000000000222e-01
8.259999999999999565e-01 -2.700000000000000316e-02 -4.259999999999999898e-01
7.830000000000000293e-01 -4.700000000000000011e-02 -4.259999999999999898e-01
7.640000000000000124e-01 1.099999999999999936e-02 -4.509999999999999565e-01
7.980000000000000426e-01 -1.600000000000000033e-02 -4.320000000000000506e-01
8.259999999999999565e-01 6.000000000000000125e-03 -4.719999999999999751e-01
7.760000000000000231e-01 -3.499999999999999639e-02 -4.360000000000000542e-01
7.830000000000000293e-01 -1.400000000000000203e-02 -4.329999999999999960e-01
