2.099999999999999784e-02 5.000000000000000104e-03 -8.279999999999999583e-01
-1.499999999999999944e-02 2.299999999999999961e-02 -7.980000000000000426e-01
7.000000000000001013e-03 1.099999999999999936e-02 -7.870000000000000329e-01
-2.000000000000000042e-02 2.999999999999999889e-02 -7.950000000000000400e-01
4.000000000000000083e-03 4.700000000000000011e-02 -8.329999999999999627e-01
-3.599999999999999728e-02 1.400000000000000203e-02 -7.860000000000000320e-01
3.899999999999999994e-02 1.899999999999999953e-02 -7.960000000000000409e-01
6.099999999999999867e-02 -4.000000000000000083e-03 -7.820000000000000284e-01
-0.000000000000000000e+00 1.400000000000000203e-02 -8.060000000000000497e-01
1.700000000000000122e-02 3.400000000000000244e-02 -7.889999999999999236e-01
5.400000000000000633e-02 1.400000000000000203e-02 -8.019999999999999352e-01
1.300000000000000114e-02 6.600000000000000311e-02 -8.329999999999999627e-01
1.400000000000000203e-02 3.400000000000000244e-02 -7.889999999999999236e-01
-3.400000000000000244e-02 -3.000000000000000062e-03 -8.050000000000000488e-01
1.099999999999999936e-02 1.600000000000000033e-02 -8.080000000000000515e-01
2.800000000000000405e-02 1.899999999999999953e-02 -8.140000000000000568e-01
-1.099999999999999936e-02 5.500000000000000722e-02 -7.990000000000000435e-01
-1.000000000000000021e-03 3.200000000000000067e-02 -7.940000000000000391e-01
2.199999999999999872e-02 1.899999999999999953e-02 -7.809999999999999165e-01
1.300000000000000114e-02 3.599999999999999728e-02 -8.199999999999999512e-01
4.800000000000000100e-02 2.099999999999999784e-02 -8.060000000000000497e-01
5.799999999999999600e-02 3.300000000000000155e-02 -7.900000000000000355e-01
1.000000000000000021e-03 4.499999999999999833e-02 -7.940000000000000391e-01
1.899999999999999953e-02 6.000000000000000125e-03 -7.950000000000000400e-01
-2.800000000000000405e-02 4.399999999999999745e-02 -8.109999999999999432e-01
3.099999999999999978e-02 -1.000000000000000021e-03 -7.920000000000000373e-01
2.000000000000000042e-03 4.199999999999999567e-02 -8.099999999999999423e-01
1.200000000000000025e-02 2.999999999999999889e-02 -8.119999999999999440e-01
-3.000000000000000062e-03 1.400000000000000203e-02 -8.210000000000000631e-01
-1.000000000000000021e-03 -1.000000000000000021e-03 -8.109999999999999432e-01
2.999999999999999889e-02 7.299999999999999545e-02 -8.400000000000000799e-01
-2.199999999999999872e-02 6.600000000000000311e-02 -7.990000000000000435e-01
1.499999999999999944e-02 4.199999999999999567e-02 -7.950000000000000400e-01
2.400000000000000050e-02 6.700000000000000400e-02 -7.830000000000000293e-01
2.299999999999999961e-02 2.800000000000000405e-02 -8.000000000000000444e-01
-1.200000000000000025e-02 3.300000000000000155e-02 -7.860000000000000320e-01
1.000000000000000021e-02 5.100000000000000366e-02 -8.220000000000000639e-01
1.099999999999999936e-02 5.000000000000000104e-03 -8.240000000000000657e-01
2.500000000000000139e-02 6.300000000000000044e-02 -8.130000000000000560e-01
5.000000000000000104e-03 3.799999999999999906e-02 -8.099999999999999423e-01
-3.300000000000000155e-02 -1.600000000000000033e-02 -8.369999999999999662e-01
-8.000000000000000167e-03 6.099999999999999867e-02 -7.880000000000000338e-01
-8.000000000000000167e-03 3.799999999999999906e-02 -7.860000000000000320e-01
1.899999999999999953e-02 4.900000000000000189e-02 -7.880000000000000338e-01
-2.899999999999999800e-02 2.999999999999999889e-02 -7.910000000000000364e-01
-8.000000000000000167e-03 -3.000000000000000062e-03 -7.940000000000000391e-01
-1.000000000000000021e-03 3.200000000000000067e-02 -8.080000000000000515e-01
-1.099999999999999936e-02 2.800000000000000405e-02 -7.910000000000000364e-01
1.000000000000000021e-03 4.499999999999999833e-02 -7.929999999999999272e-01
5.699999999999999512e-02 3.400000000000000244e-02 -8.189999999999999503e-01
2.700000000000000316e-02 1.099999999999999936e-02 -8.019999999999999352e-01
4.900000000000000189e-02 6.199999999999999956e-02 -8.089999999999999414e-01
2.099999999999999784e-02 3.899999999999999994e-02 -7.929999999999999272e-01
2.400000000000000050e-02 3.499999999999999639e-02 -8.009999999999999343e-01
6.000000000000000125e-03 3.200000000000000067e-02 -8.140000000000000568e-01
-1.700000000000000122e-02 2.999999999999999889e-02 -7.860000000000000320e-01
4.700000000000000011e-02 2.999999999999999889e-02 -8.189999999999999503e-01
-1.700000000000000122e-02 1.400000000000000203e-02 -7.990000000000000435e-01
3.599999999999999728e-02 4.700000000000000011e-02 -8.009999999999999343e-01
2.800000000000000405e-02 1.400000000000000203e-02 -8.119999999999999440e-01
5.000000000000000278e-02 2.000000000000000042e-03 -7.720000000000000195e-01
7.000000000000001013e-03 3.099999999999999978e-02 -8.119999999999999440e-01
4.099999999999999478e-02 4.900000000000000189e-02 -8.279999999999999583e-01
-3.099999999999999978e-02 1.099999999999999936e-02 -8.380000000000000782e-01
2.000000000000000042e-02 -2.000000000000000042e-03 -8.039999999999999369e-01
2.299999999999999961e-02 2.099999999999999784e-02 -7.889999999999999236e-01
2.299999999999999961e-02 1.899999999999999953e-02 -7.900000000000000355e-01
4.000000000000000083e-02 2.800000000000000405e-02 -8.289999999999999591e-01
-1.099999999999999936e-02 4.800000000000000100e-02 -7.969999999999999307e-01
-5.000000000000000104e-03 2.600000000000000228e-02 -7.940000000000000391e-01
-3.200000000000000067e-02 4.700000000000000011e-02 -7.900000000000000355e-01
6.000000000000000125e-03 4.900000000000000189e-02 -8.199999999999999512e-01
-8.999999999999999320e-03 2.600000000000000228e-02 -8.109999999999999432e-01
-2.899999999999999800e-02 5.200000000000000455e-02 -7.900000000000000355e-01
1.099999999999999936e-02 4.399999999999999745e-02 -8.000000000000000444e-01
0.000000000000000000e+00 4.499999999999999833e-02 -7.910000000000000364e-01
2.700000000000000316e-02 2.299999999999999961e-02 -7.980000000000000426e-01
-3.400000000000000244e-02 -0.000000000000000000e+00 -7.790000000000000258e-01
-2.000000000000000042e-03 6.199999999999999956e-02 -7.929999999999999272e-01
-3.899999999999999994e-02 2.700000000000000316e-02 -7.900000000000000355e-01
-2.800000000000000405e-02 1.000000000000000021e-03 -8.099999999999999423e-01
-8.999999999999999320e-03 3.400000000000000244e-02 -7.920000000000000373e-01
2.099999999999999784e-02 7.499999999999999722e-02 -8.210000000000000631e-01
4.800000000000000100e-02 6.800000000000000488e-02 -8.050000000000000488e-01
-2.800000000000000405e-02 -3.000000000000000062e-03 -8.039999999999999369e-01
-1.000000000000000021e-02 5.799999999999999600e-02 -8.019999999999999352e-01
-2.199999999999999872e-02 4.900000000000000189e-02 -7.800000000000000266e-01
2.199999999999999872e-02 3.400000000000000244e-02 -8.150000000000000577e-01
3.000000000000000062e-03 -4.000000000000000083e-03 -8.000000000000000444e-01
8.999999999999999320e-03 1.000000000000000021e-03 -7.830000000000000293e-01
-6.000000000000000125e-03 5.200000000000000455e-02 -7.980000000000000426e-01
-4.000000000000000083e-02 -1.099999999999999936e-02 -8.130000000000000560e-01
1.700000000000000122e-02 8.000000000000000167e-03 -7.720000000000000195e-01
3.599999999999999728e-02 -1.099999999999999936e-02 -8.199999999999999512e-01
2.999999999999999889e-02 3.400000000000000244e-02 -7.990000000000000435e-01
7.000000000000001013e-03 4.900000000000000189e-02 -8.000000000000000444e-01
2.299999999999999961e-02 5.999999999999999778e-02 -7.929999999999999272e-01
2.800000000000000405e-02 2.899999999999999800e-02 -8.029999999999999361e-01
5.000000000000000104e-03 2.800000000000000405e-02 -7.980000000000000426e-01
-2.700000000000000316e-02 1.300000000000000114e-02 -8.429999999999999716e-01
-2.899999999999999800e-02 1.799999999999999864e-02 -8.089999999999999414e-01
-6.000000000000000125e-03 4.099999999999999478e-02 -7.980000000000000426e-01
1.400000000000000203e-02 5.000000000000000278e-02 -7.870000000000000329e-01
2.000000000000000042e-02 2.600000000000000228e-02 -7.980000000000000426e-01
1.799999999999999864e-02 3.799999999999999906e-02 -7.800000000000000266e-01
-1.099999999999999936e-02 1.700000000000000122e-02 -7.990000000000000435e-01
8.999999999999999320e-03 1.400000000000000203e-02 -8.169999999999999485e-01
4.299999999999999656e-02 1.200000000000000025e-02 -7.920000000000000373e-01
1.200000000000000025e-02 3.400000000000000244e-02 -8.400000000000000799e-01
0.000000000000000000e+00 2.800000000000000405e-02 -7.900000000000000355e-01
6.000000000000000125e-03 3.599999999999999728e-02 -8.409999999999999698e-01
5.000000000000000278e-02 1.700000000000000122e-02 -7.860000000000000320e-01
-1.000000000000000021e-02 8.100000000000000255e-02 -7.900000000000000355e-01
-5.000000000000000104e-03 2.899999999999999800e-02 -7.980000000000000426e-01
2.199999999999999872e-02 2.400000000000000050e-02 -7.880000000000000338e-01
-1.600000000000000033e-02 6.099999999999999867e-02 -7.769999999999999130e-01
-1.000000000000000021e-02 2.700000000000000316e-02 -7.940000000000000391e-01
1.000000000000000021e-02 4.000000000000000083e-03 -7.920000000000000373e-01
-1.099999999999999936e-02 2.199999999999999872e-02 -7.980000000000000426e-01
5.000000000000000104e-03 4.000000000000000083e-03 -7.690000000000000169e-01
1.099999999999999936e-02 3.699999999999999817e-02 -7.870000000000000329e-01
-8.999999999999999320e-03 4.000000000000000083e-03 -8.000000000000000444e-01
2.800000000000000405e-02 0.000000000000000000e+00 -7.900000000000000355e-01
1.000000000000000021e-03 3.400000000000000244e-02 -7.990000000000000435e-01
1.700000000000000122e-02 2.600000000000000228e-02 -8.249999999999999556e-01
7.000000000000001013e-03 1.099999999999999936e-02 -8.009999999999999343e-01
2.199999999999999872e-02 5.400000000000000633e-02 -7.600000000000000089e-01
4.000000000000000083e-03 3.899999999999999994e-02 -8.089999999999999414e-01
5.000000000000000104e-03 1.700000000000000122e-02 -8.080000000000000515e-01
6.000000000000000125e-03 -4.000000000000000083e-03 -8.099999999999999423e-01
-5.000000000000000104e-03 4.499999999999999833e-02 -7.940000000000000391e-01
-7.000000000000001013e-03 4.599999999999999922e-02 -7.650000000000000133e-01
8.999999999999999320e-03 1.200000000000000025e-02 -8.070000000000000506e-01
-1.499999999999999944e-02 1.799999999999999864e-02 -8.119999999999999440e-01
2.000000000000000042e-02 -1.400000000000000203e-02 -7.929999999999999272e-01
2.299999999999999961e-02 -0.000000000000000000e+00 -7.800000000000000266e-01
-4.399999999999999745e-02 -7.000000000000001013e-03 -8.050000000000000488e-01
3.099999999999999978e-02 3.799999999999999906e-02 -7.760000000000000231e-01
3.000000000000000062e-03 1.700000000000000122e-02 -7.870000000000000329e-01
2.500000000000000139e-02 3.400000000000000244e-02 -7.960000000000000409e-01
1.400000000000000203e-02 4.700000000000000011e-02 -7.940000000000000391e-01
6.000000000000000125e-03 2.899999999999999800e-02 -7.929999999999999272e-01
-4.000000000000000083e-03 2.600000000000000228e-02 -7.929999999999999272e-01
-3.099999999999999978e-02 6.400000000000000133e-02 -7.750000000000000222e-01
3.200000000000000067e-02 6.999999999999999278e-02 -7.900000000000000355e-01
5.200000000000000455e-02 3.000000000000000062e-03 -8.199999999999999512e-01
3.799999999999999906e-02 5.500000000000000722e-02 -7.960000000000000409e-01
-2.199999999999999872e-02 6.600000000000000311e-02 -7.860000000000000320e-01
2.099999999999999784e-02 6.300000000000000044e-02 -7.690000000000000169e-01
-2.700000000000000316e-02 -1.200000000000000025e-02 -7.969999999999999307e-01
1.200000000000000025e-02 1.899999999999999953e-02 -8.039999999999999369e-01
-2.000000000000000042e-03 2.999999999999999889e-02 -7.860000000000000320e-01
-1.200000000000000025e-02 4.000000000000000083e-02 -8.050000000000000488e-01
3.899999999999999994e-02 -1.700000000000000122e-02 -8.060000000000000497e-01
6.000000000000000125e-03 2.500000000000000139e-02 -8.169999999999999485e-01
0.000000000000000000e+00 3.200000000000000067e-02 -7.870000000000000329e-01
-1.000000000000000021e-02 1.200000000000000025e-02 -7.769999999999999130e-01
-8.000000000000000167e-03 4.499999999999999833e-02 -7.849999999999999201e-01
1.000000000000000021e-02 1.700000000000000122e-02 -7.980000000000000426e-01
2.000000000000000042e-03 2.500000000000000139e-02 -8.050000000000000488e-01
2.000000000000000042e-02 4.800000000000000100e-02 -8.080000000000000515e-01
4.000000000000000083e-03 6.300000000000000044e-02 -7.809999999999999165e-01
2.400000000000000050e-02 5.200000000000000455e-02 -7.910000000000000364e-01
7.000000000000001013e-03 6.899999999999999190e-02 -7.809999999999999165e-01
2.000000000000000042e-02 1.700000000000000122e-02 -7.740000000000000213e-01
2.800000000000000405e-02 3.400000000000000244e-02 -8.259999999999999565e-01
-3.099999999999999978e-02 4.900000000000000189e-02 -8.150000000000000577e-01
-3.000000000000000062e-03 5.799999999999999600e-02 -7.830000000000000293e-01
-2.000000000000000042e-03 2.500000000000000139e-02 -7.849999999999999201e-01
-1.300000000000000114e-02 2.999999999999999889e-02 -8.189999999999999503e-01
-8.000000000000000167e-03 1.600000000000000033e-02 -8.009999999999999343e-01
-7.000000000000001013e-03 4.199999999999999567e-02 -7.960000000000000409e-01
2.899999999999999800e-02 7.299999999999999545e-02 -7.910000000000000364e-01
7.099999999999999367e-02 5.400000000000000633e-02 -7.929999999999999272e-01
-2.199999999999999872e-02 5.300000000000000544e-02 -7.929999999999999272e-01
-2.500000000000000139e-02 6.600000000000000311e-02 -8.169999999999999485e-01
-2.500000000000000139e-02 6.899999999999999190e-02 -7.910000000000000364e-01
2.600000000000000228e-02 2.099999999999999784e-02 -8.060000000000000497e-01
4.900000000000000189e-02 2.299999999999999961e-02 -7.849999999999999201e-01
5.699999999999999512e-02 3.499999999999999639e-02 -7.900000000000000355e-01
-1.000000000000000021e-02 2.099999999999999784e-02 -7.950000000000000400e-01
-6.000000000000000125e-03 3.599999999999999728e-02 -8.039999999999999369e-01
3.899999999999999994e-02 3.599999999999999728e-02 -8.210000000000000631e-01
2.400000000000000050e-02 2.000000000000000042e-02 -7.790000000000000258e-01
-2.199999999999999872e-02 1.050000000000000100e-01 -7.910000000000000364e-01
-1.600000000000000033e-02 -2.000000000000000042e-03 -7.820000000000000284e-01
8.999999999999999320e-03 4.900000000000000189e-02 -7.960000000000000409e-01
4.000000000000000083e-03 5.200000000000000455e-02 -7.790000000000000258e-01
2.299999999999999961e-02 -5.000000000000000104e-03 -7.610000000000000098e-01
2.500000000000000139e-02 3.099999999999999978e-02 -8.080000000000000515e-01
1.000000000000000021e-02 2.999999999999999889e-02 -8.089999999999999414e-01
6.000000000000000125e-03 7.799999999999999989e-02 -7.969999999999999307e-01
-2.000000000000000042e-03 -1.000000000000000021e-02 -7.929999999999999272e-01
1.799999999999999864e-02 2.299999999999999961e-02 -8.099999999999999423e-01
7.000000000000001013e-03 6.500000000000000222e-02 -8.029999999999999361e-01
1.099999999999999936e-02 3.200000000000000067e-02 -8.070000000000000506e-01
1.700000000000000122e-02 4.499999999999999833e-02 -7.910000000000000364e-01
-4.900000000000000189e-02 5.000000000000000278e-02 -7.820000000000000284e-01
1.600000000000000033e-02 4.599999999999999922e-02 -8.179999999999999494e-01
1.000000000000000021e-02 3.499999999999999639e-02 -7.969999999999999307e-01
-1.000000000000000021e-02 7.199999999999999456e-02 -8.000000000000000444e-01
3.300000000000000155e-02 2.700000000000000316e-02 -7.640000000000000124e-01
2.000000000000000042e-02 3.300000000000000155e-02 -8.089999999999999414e-01
2.999999999999999889e-02 3.400000000000000244e-02 -7.880000000000000338e-01
-2.800000000000000405e-02 3.300000000000000155e-02 -8.349999999999999645e-01
2.800000000000000405e-02 2.600000000000000228e-02 -8.060000000000000497e-01
4.399999999999999745e-02 2.299999999999999961e-02 -8.130000000000000560e-01
4.000000000000000083e-02 3.599999999999999728e-02 -8.060000000000000497e-01
-0.000000000000000000e+00 1.600000000000000033e-02 -7.800000000000000266e-01
-2.500000000000000139e-02 6.500000000000000222e-02 -8.029999999999999361e-01
-1.099999999999999936e-02 2.800000000000000405e-02 -8.409999999999999698e-01
7.000000000000001013e-03 5.000000000000000104e-03 -8.189999999999999503e-01
1.200000000000000025e-02 2.500000000000000139e-02 -7.790000000000000258e-01
-4.700000000000000011e-02 1.200000000000000025e-02 -8.189999999999999503e-01
1.700000000000000122e-02 5.400000000000000633e-02 -8.009999999999999343e-01
2.800000000000000405e-02 2.600000000000000228e-02 -8.279999999999999583e-01
2.400000000000000050e-02 6.199999999999999956e-02 -7.820000000000000284e-01
2.400000000000000050e-02 2.199999999999999872e-02 -7.840000000000000302e-01
4.199999999999999567e-02 7.000000000000001013e-03 -7.840000000000000302e-01
-4.000000000000000083e-03 1.799999999999999864e-02 -7.800000000000000266e-01
1.099999999999999936e-02 4.700000000000000011e-02 -7.849999999999999201e-01
-1.700000000000000122e-02 2.899999999999999800e-02 -7.809999999999999165e-01
2.400000000000000050e-02 6.999999999999999278e-02 -8.050000000000000488e-01
-6.000000000000000125e-03 4.099999999999999478e-02 -7.620000000000000107e-01
1.400000000000000203e-02 4.499999999999999833e-02 -8.029999999999999361e-01
3.699999999999999817e-02 4.399999999999999745e-02 -8.109999999999999432e-01
7.000000000000001013e-03 4.800000000000000100e-02 -7.800000000000000266e-01
-8.999999999999999320e-03 4.000000000000000083e-02 -8.080000000000000515e-01
1.799999999999999864e-02 3.099999999999999978e-02 -7.929999999999999272e-01
-7.000000000000001013e-03 -7.000000000000001013e-03 -7.960000000000000409e-01
1.899999999999999953e-02 2.800000000000000405e-02 -7.700000000000000178e-01
4.199999999999999567e-02 2.899999999999999800e-02 -7.969999999999999307e-01
2.299999999999999961e-02 0.000000000000000000e+00 -8.070000000000000506e-01
1.899999999999999953e-02 2.500000000000000139e-02 -8.080000000000000515e-01
-2.600000000000000228e-02 1.300000000000000114e-02 -8.089999999999999414e-01
1.300000000000000114e-02 4.099999999999999478e-02 -7.670000000000000151e-01
3.400000000000000244e-02 7.000000000000001013e-03 -7.990000000000000435e-01
1.099999999999999936e-02 5.999999999999999778e-02 -7.740000000000000213e-01
-6.000000000000000125e-03 3.099999999999999978e-02 -7.870000000000000329e-01
-8.000000000000000167e-03 4.199999999999999567e-02 -7.920000000000000373e-01
-5.000000000000000104e-03 2.999999999999999889e-02 -7.929999999999999272e-01
1.799999999999999864e-02 2.199999999999999872e-02 -8.119999999999999440e-01
3.000000000000000062e-03 2.999999999999999889e-02 -8.080000000000000515e-01
-1.099999999999999936e-02 3.699999999999999817e-02 -8.080000000000000515e-01
1.000000000000000021e-02 2.099999999999999784e-02 -7.680000000000000160e-01
-1.200000000000000025e-02 4.800000000000000100e-02 -8.300000000000000711e-01
-2.500000000000000139e-02 4.800000000000000100e-02 -7.730000000000000204e-01
-1.700000000000000122e-02 9.600000000000000200e-02 -8.009999999999999343e-01
2.000000000000000042e-02 4.199999999999999567e-02 -8.349999999999999645e-01
8.000000000000000167e-03 1.899999999999999953e-02 -8.089999999999999414e-01
-1.200000000000000025e-02 2.000000000000000042e-03 -8.210000000000000631e-01
1.700000000000000122e-02 2.199999999999999872e-02 -8.140000000000000568e-01
8.000000000000000167e-03 2.700000000000000316e-02 -8.029999999999999361e-01
4.599999999999999922e-02 -7.000000000000001013e-03 -7.820000000000000284e-01
6.000000000000000125e-03 2.800000000000000405e-02 -7.870000000000000329e-01
3.200000000000000067e-02 1.000000000000000021e-02 -8.349999999999999645e-01
6.999999999999999278e-02 3.099999999999999978e-02 -8.449999999999999734e-01
3.799999999999999906e-02 2.099999999999999784e-02 -8.210000000000000631e-01
6.000000000000000125e-03 5.100000000000000366e-02 -7.969999999999999307e-01
5.999999999999999778e-02 3.200000000000000067e-02 -8.199999999999999512e-01
-8.999999999999999320e-03 4.900000000000000189e-02 -8.099999999999999423e-01
2.700000000000000316e-02 1.899999999999999953e-02 -8.169999999999999485e-01
1.099999999999999936e-02 -1.000000000000000021e-02 -8.150000000000000577e-01
-8.999999999999999320e-03 2.800000000000000405e-02 -8.329999999999999627e-01
7.000000000000001013e-03 2.400000000000000050e-02 -8.000000000000000444e-01
5.000000000000000104e-03 5.799999999999999600e-02 -8.089999999999999414e-01
-7.000000000000001013e-03 8.000000000000000167e-03 -8.550000000000000933e-01
3.400000000000000244e-02 1.400000000000000203e-02 -7.809999999999999165e-01
3.200000000000000067e-02 2.199999999999999872e-02 -7.830000000000000293e-01
-2.299999999999999961e-02 8.999999999999999320e-03 -7.840000000000000302e-01
2.999999999999999889e-02 5.999999999999999778e-02 -7.820000000000000284e-01
-7.000000000000001013e-03 5.000000000000000104e-03 -8.080000000000000515e-01
1.700000000000000122e-02 4.099999999999999478e-02 -7.969999999999999307e-01
1.200000000000000025e-02 4.299999999999999656e-02 -8.029999999999999361e-01
5.000000000000000104e-03 6.300000000000000044e-02 -7.940000000000000391e-01
3.400000000000000244e-02 0.000000000000000000e+00 -7.960000000000000409e-01
0.000000000000000000e+00 1.499999999999999944e-02 -8.189999999999999503e-01
4.199999999999999567e-02 4.099999999999999478e-02 -8.109999999999999432e-01
5.100000000000000366e-02 4.599999999999999922e-02 -7.940000000000000391e-01
3.499999999999999639e-02 -1.200000000000000025e-02 -8.000000000000000444e-01
-2.000000000000000042e-02 2.800000000000000405e-02 -7.660000000000000142e-01
1.099999999999999936e-02 2.500000000000000139e-02 -7.910000000000000364e-01
3.300000000000000155e-02 2.000000000000000042e-03 -7.780000000000000249e-01
1.700000000000000122e-02 4.399999999999999745e-02 -8.150000000000000577e-01
2.600000000000000228e-02 6.000000000000000125e-03 -7.969999999999999307e-01
5.000000000000000278e-02 1.499999999999999944e-02 -7.809999999999999165e-01
-1.000000000000000021e-03 5.100000000000000366e-02 -8.099999999999999423e-01
2.700000000000000316e-02 2.600000000000000228e-02 -8.089999999999999414e-01
-4.000000000000000083e-03 4.800000000000000100e-02 -8.449999999999999734e-01
-2.800000000000000405e-02 1.700000000000000122e-02 -7.960000000000000409e-01
-8.999999999999999320e-03 2.099999999999999784e-02 -7.950000000000000400e-01
5.699999999999999512e-02 3.000000000000000062e-03 -8.060000000000000497e-01
-1.200000000000000025e-02 7.099999999999999367e-02 -8.070000000000000506e-01
2.500000000000000139e-02 3.499999999999999639e-02 -8.019999999999999352e-01
2.199999999999999872e-02 2.000000000000000042e-02 -7.969999999999999307e-01
1.099999999999999936e-02 4.099999999999999478e-02 -8.480000000000000870e-01
4.299999999999999656e-02 2.800000000000000405e-02 -7.670000000000000151e-01
2.299999999999999961e-02 3.799999999999999906e-02 -7.820000000000000284e-01
1.000000000000000021e-02 5.100000000000000366e-02 -8.029999999999999361e-01
6.000000000000000125e-03 1.300000000000000114e-02 -7.990000000000000435e-01
